nac: 0.0 
nalu: 128.45642 
relu6: 40.83229 
random: 73.8943 
nac: 0.0 
nalu: 31.12512 
relu6: 37.74155 
random: 137.04366 
