nac: 0.0 
nalu: 128.45642 
relu6: 40.83229 
random: 73.8943 
