nac: 101.28004 
nalu: 135.36716 
relu6: 136.03125 
random: 111.76551 
