nac: 1216.57043 
nalu: 1191.45605 
relu6: 1210.35364 
random: 1150.88013 
