nac: 1783.3772 
nalu: 1702.80688 
relu6: 1593.91809 
random: 1787.31238 
