nac: 0.0 
nalu: 68.08773 
relu6: 16.52929 
random: 65.47276 
