nac: 0.0 
nalu: 0.07189 
relu6: 0.00057 
random: 1.71409 
