nac: 100.34447 
nalu: 19.80372 
relu6: 25.14899 
random: 100.22552 
