nac: 0.1224 
nalu: 0.00742 
relu6: 0.02475 
random: 0.5183 
