nac: 0.17874 
nalu: 0.00013 
relu6: 0.04979 
random: 0.66631 
