nac: 0.0 
nalu: 0.01344 
relu6: 0.00021 
random: 1.07587 
